2.775370963794215088e+11 1.000000000000000000e+00
2.782211072449630127e+11 9.980943422918048258e-01
2.789202568255919189e+11 9.958580385649697941e-01
2.796348454743024902e+11 9.934117458471040107e-01
2.803651781522526245e+11 9.911521267062181062e-01
2.811115644518214111e+11 9.884643206739543997e-01
2.818743186182557983e+11 9.858776771887425294e-01
2.826537595698790283e+11 9.827704174915222746e-01
2.842640009783775635e+11 9.770119132995064293e-01
2.850954627986077881e+11 9.739033835098603875e-01
2.859449341607647095e+11 9.709516048882322892e-01
2.868127575999390869e+11 9.682593802490427892e-01
2.876992804142852173e+11 9.654551893900426007e-01
2.886048546746824341e+11 9.623295571523868830e-01
2.895298372328651733e+11 9.590314293035336890e-01
2.914394785918642578e+11 9.524984129100279029e-01
2.924248750521809082e+11 9.491321740780506167e-01
2.934311551349006958e+11 9.456264917905043976e-01
2.944586996646691284e+11 9.421023211785342077e-01
2.955078942639743652e+11 9.384905306833696281e-01
2.976728001351882935e+11 9.308764336396574413e-01
2.987893066136947632e+11 9.271378322705220443e-01
2.999290535635404053e+11 9.229902684384125866e-01
3.010924505347509155e+11 9.187649414199411391e-01
3.034918565515538330e+11 9.099535031964329779e-01
3.047287084763845825e+11 9.053052540718510288e-01
3.059908961579094238e+11 9.006452363588186572e-01
3.085930165346641235e+11 8.906369488703534953e-01
3.099338298469166870e+11 8.856551066550956142e-01
3.113017401197813721e+11 8.805301819031075006e-01
3.141206641276991577e+11 8.702190855834195382e-01
3.155725957389839478e+11 8.650136191404400599e-01
3.185637274441451416e+11 8.540390147186198710e-01
3.201038730024545288e+11 8.486952004967910357e-01
3.232757213725256958e+11 8.373993599670330745e-01
3.249083969195970459e+11 8.317436095096327753e-01
3.265728960459741821e+11 8.258576013898678569e-01
3.299993599622252808e+11 8.142463341526697818e-01
3.317623333723748779e+11 8.083432386154676408e-01
3.353903179643219604e+11 7.965123271465822663e-01
3.391578109845972900e+11 7.841528761242537726e-01
3.410951864376854858e+11 7.780300532143057390e-01
3.450798601779844971e+11 7.657278441692711990e-01
3.471282375693666382e+11 7.593765340948510634e-01
3.513398039129163818e+11 7.467077491023186298e-01
3.557081439592697754e+11 7.341214619323882529e-01
3.579525048598932495e+11 7.278666938735746106e-01
3.625644481912086182e+11 7.149866200748865586e-01
3.673445245236296997e+11 7.019899363001238513e-01
3.697990682343158569e+11 6.952995245924091794e-01
3.748401169742202759e+11 6.821525204714007362e-01
3.800611001150178833e+11 6.688983239051451424e-01
3.854668643474248657e+11 6.557515406726738272e-01
3.910623299364085083e+11 6.425389558687607527e-01
3.968524919984555054e+11 6.294929536681322935e-01
4.028424219888092651e+11 6.162063131916220016e-01
4.059139060750655518e+11 6.094937200642897013e-01
4.122131681687257690e+11 5.962274418281686694e-01
4.187252225140703735e+11 5.830730398814495397e-01
4.289040235943453979e+11 5.632347631044178904e-01
4.359716682544656372e+11 5.498572295018478995e-01
4.432712232800106201e+11 5.366199760920743467e-01
4.508083543874517822e+11 5.233586033615277300e-01
4.585888233549373169e+11 5.101874762265165009e-01
4.666184914499780884e+11 4.972110952481898494e-01
4.791433181843704834e+11 4.781391112269223753e-01
4.878223133161425781e+11 4.655285034831612712e-01
4.967718596310531616e+11 4.530239283654063920e-01
5.107174009039012451e+11 4.345068334915168085e-01
5.203714031407947998e+11 4.224908348788521950e-01
5.354045441550341797e+11 4.048516161289175685e-01
5.458047018855711060e+11 3.930346259992052449e-01
5.619895685209240723e+11 3.754904274920037865e-01
5.731797293127977295e+11 3.640874931901028622e-01
5.905838199469023438e+11 3.471491511948524566e-01
6.087533647378214111e+11 3.303998105459508561e-01
6.277148380968095703e+11 3.137033139271150906e-01
6.474956127776989746e+11 2.969153594499421844e-01
6.681240057875362549e+11 2.800257291683470595e-01
6.896293255461773682e+11 2.631433526914731535e-01
