2.775370963794215088e+11 1.000000000000000000e+00
2.789032107080948486e+11 9.973511687003470128e-01
2.802961232116950073e+11 9.943259251339932048e-01
2.817162576476173706e+11 9.912473173031548512e-01
2.831640416618303833e+11 9.875889236028482232e-01
2.846399067745103149e+11 9.841680195788994334e-01
2.861442883661743164e+11 9.804035830700897902e-01
2.876776256644451904e+11 9.765807750993397152e-01
2.908329434525697021e+11 9.685016485327723190e-01
2.924558215248386230e+11 9.641447185555105381e-01
2.941094504481036987e+11 9.598238480098661984e-01
2.957942885160520630e+11 9.552146873613674982e-01
2.975107978090056763e+11 9.506702145881176236e-01
2.992594441879898071e+11 9.459742667124910742e-01
3.010406972902689209e+11 9.411524738300386383e-01
3.047029210792064209e+11 9.311065861037569613e-01
3.065848499038723145e+11 9.259960568270332315e-01
3.085013017307479858e+11 9.206837919810061388e-01
3.104527650694554443e+11 9.153612132085892084e-01
3.124397322152977295e+11 9.100302801987268930e-01
3.165221660910679932e+11 8.991128828658461192e-01
3.186186364274245605e+11 8.932701071623988520e-01
3.207526178120703735e+11 8.872802665810122225e-01
3.229246216411793823e+11 8.812738756696399944e-01
3.273847615961242676e+11 8.691848357777016698e-01
3.296739399640213013e+11 8.628655839349024248e-01
3.367842449990654907e+11 8.441290964578253009e-01
3.392370534196592407e+11 8.378195492698896629e-01
3.417321170692935181e+11 8.312616387615505698e-01
3.468512033682547607e+11 8.179617261224910729e-01
3.494763331588970337e+11 8.111567666524016618e-01
3.548605658551968384e+11 7.978085766874292162e-01
3.576208017119489746e+11 7.911170076013391839e-01
3.632803780653134766e+11 7.776574172875901914e-01
3.661808783726132202e+11 7.709653358955289582e-01
3.691293009973983154e+11 7.642341116393058797e-01
3.751722841722058105e+11 7.505815893705886088e-01
3.782680422553593140e+11 7.436248749009322090e-01
3.846111222202468262e+11 7.299328912696393390e-01
3.911603874045620117e+11 7.160986665865988199e-01
3.945138965293964233e+11 7.091308765679551485e-01
4.013818288323027954e+11 6.952609624419165968e-01
4.048975329280802002e+11 6.881631057450408040e-01
4.120956618224691162e+11 6.743494035561400368e-01
4.195204795166901855e+11 6.606385934086640432e-01
4.233195671603112793e+11 6.537306236397653070e-01
4.310944952323783569e+11 6.399128536476651474e-01
4.391096953344226685e+11 6.260379025757930593e-01
4.432091477618947144e+11 6.191564326764297244e-01
4.515953175892828369e+11 6.055702963534430605e-01
4.602360030212775879e+11 5.917840828236474726e-01
4.691371005771790771e+11 5.781757154878400806e-01
4.783046269738273315e+11 5.648779388667299894e-01
4.877447235846290283e+11 5.514344986193553400e-01
4.974636610162422485e+11 5.383037238104344535e-01
5.024296910935106201e+11 5.317541727922688866e-01
5.125789414094945068e+11 5.188415210546221124e-01
5.230233055013149414e+11 5.059905157846696921e-01
5.392580198864964600e+11 4.869612556235305978e-01
5.504700779523862305e+11 4.744764864989371445e-01
5.620015844128625488e+11 4.620923181530337542e-01
5.738598516683046875e+11 4.500134480200857490e-01
5.860523617344150391e+11 4.380809169829639749e-01
5.985867717218302002e+11 4.264503017753036307e-01
6.180466449851793213e+11 4.092392239907099993e-01
6.314705042169445801e+11 3.981619428848195974e-01
6.452645233964478760e+11 3.870669391993407649e-01
6.666682857234121094e+11 3.707541650473336059e-01
6.814254134982915039e+11 3.602547658331825553e-01
7.043156457991417236e+11 3.449754142801209622e-01
7.200924240771727295e+11 3.349791966706741619e-01
7.445565571360852051e+11 3.205903243306001960e-01
7.614130764629958496e+11 3.114112848656655497e-01
7.875440528102994385e+11 2.978006970621212557e-01
8.147221858007790527e+11 2.846707621927016540e-01
8.429843958716121826e+11 2.717361364103378363e-01
8.723690021346464844e+11 2.589321985415630190e-01
9.029157781653066406e+11 2.463245461225261335e-01
9.346660094295839844e+11 2.333929715583920872e-01
9.676625524386481934e+11 2.205567389307514226e-01
