2.775370963794215088e+11 1.000000000000000000e+00
2.789032107080948486e+11 9.976829037934039635e-01
2.802961232116950073e+11 9.952005322549941635e-01
2.817162576476173706e+11 9.923863699367760915e-01
2.831640416618303833e+11 9.895231275926681391e-01
2.846399067745103149e+11 9.865915239702602868e-01
2.861442883661743164e+11 9.834373184624995989e-01
2.876776256644451904e+11 9.800695795823028966e-01
2.908329434525697021e+11 9.736521494847398817e-01
2.924558215248386230e+11 9.701590249886573591e-01
2.941094504481036987e+11 9.668681964061395240e-01
2.957942885160520630e+11 9.630814029237846352e-01
2.975107978090056763e+11 9.593951246276705147e-01
2.992594441879898071e+11 9.557014410869794085e-01
3.010406972902689209e+11 9.518552709783383303e-01
3.047029210792064209e+11 9.437421876068227133e-01
3.065848499038723145e+11 9.396111828319989590e-01
3.085013017307479858e+11 9.354981316756438847e-01
3.104527650694554443e+11 9.312508915047885694e-01
3.124397322152977295e+11 9.268855714250104905e-01
3.165221660910679932e+11 9.179034962364339689e-01
3.186186364274245605e+11 9.132218088143815304e-01
3.207526178120703735e+11 9.085605276385675388e-01
3.229246216411793823e+11 9.037906752348506823e-01
3.273847615961242676e+11 8.937108398131130560e-01
3.296739399640213013e+11 8.884078773622792191e-01
3.320032253140537109e+11 8.831669340359150633e-01
3.367842449990654907e+11 8.726072411281360353e-01
3.392370534196592407e+11 8.673182786830168078e-01
3.417321170692935181e+11 8.619163245671014328e-01
3.468512033682547607e+11 8.507553396746598828e-01
3.494763331588970337e+11 8.450842166169704184e-01
3.548605658551968384e+11 8.336142729125742834e-01
3.576208017119489746e+11 8.277487706425059599e-01
3.632803780653134766e+11 8.160586057658767434e-01
3.661808783726132202e+11 8.101030446124979356e-01
3.691293009973983154e+11 8.040962842928954801e-01
3.751722841722058105e+11 7.923583665580468116e-01
3.782680422553593140e+11 7.863589595319527836e-01
3.846111222202468262e+11 7.744360425578955542e-01
3.911603874045620117e+11 7.622322805136637625e-01
3.945138965293964233e+11 7.561420438276958977e-01
4.013818288323027954e+11 7.438797669453659500e-01
4.048975329280802002e+11 7.378305519179275684e-01
4.120956618224691162e+11 7.252238293346215947e-01
4.195204795166901855e+11 7.126895046576022796e-01
4.233195671603112793e+11 7.062855910331641285e-01
4.310944952323783569e+11 6.935811343785408534e-01
4.391096953344226685e+11 6.809451760674819498e-01
4.432091477618947144e+11 6.746031870018823762e-01
4.515953175892828369e+11 6.620864381845729119e-01
4.602360030212775879e+11 6.495077984173497354e-01
4.691371005771790771e+11 6.369207642477062725e-01
4.783046269738273315e+11 6.242803021297680388e-01
4.877447235846290283e+11 6.116898515076103493e-01
4.974636610162422485e+11 5.992492322678560912e-01
5.024296910935106201e+11 5.929883623337564025e-01
5.125789414094945068e+11 5.805628044090057616e-01
5.230233055013149414e+11 5.683738780010068048e-01
5.392580198864964600e+11 5.500444820437651039e-01
5.504700779523862305e+11 5.379750323272807222e-01
5.620015844128625488e+11 5.259197737314125209e-01
5.738598516683046875e+11 5.141190478713033585e-01
5.860523617344150391e+11 5.023483809058409966e-01
5.985867717218302002e+11 4.907950170907452447e-01
6.180466449851793213e+11 4.736793405199360985e-01
6.314705042169445801e+11 4.623428758859031151e-01
6.452645233964478760e+11 4.513710941534149756e-01
6.666682857234121094e+11 4.350005066694872524e-01
6.814254134982915039e+11 4.243223288688872108e-01
7.043156457991417236e+11 4.086172422696747741e-01
7.200924240771727295e+11 3.983677850342257631e-01
7.445565571360852051e+11 3.832963074510622459e-01
7.614130764629958496e+11 3.733913324932963684e-01
7.875440528102994385e+11 3.587095512695894772e-01
8.147221858007790527e+11 3.443291980128240226e-01
8.429843958716121826e+11 3.302498699294770246e-01
8.723690021346464844e+11 3.162478138128992367e-01
9.029157781653066406e+11 3.022934262268985317e-01
9.346660094295839844e+11 2.883460077915717124e-01
