1.000000000000000222e+00 1.000000000000000000e+00
1.002464574554053023e+00 9.984124079527409990e-01
1.004983695744514405e+00 9.969005079014329196e-01
1.007558445779850986e+00 9.952959585622792593e-01
1.010189923472302631e+00 9.934398379444336902e-01
1.012879244320961325e+00 9.913097935306594000e-01
1.015627540589766342e+00 9.892435539375548093e-01
1.018435961380321775e+00 9.869390163951090589e-01
1.024237857521432593e+00 9.823862563545049387e-01
1.027233715844797501e+00 9.801397943698643145e-01
1.030294464743731098e+00 9.775637235257987889e-01
1.033421338413939017e+00 9.751709611671590672e-01
1.036615588213014805e+00 9.725426522813527264e-01
1.039878482695267392e+00 9.697523591939636312e-01
1.043211307641012775e+00 9.669473656482261426e-01
1.050091978311387342e+00 9.614613112832940400e-01
1.053642481913146467e+00 9.584180045646512047e-01
1.057268231752887866e+00 9.556350470293899502e-01
1.060970599988243501e+00 9.524740494077219566e-01
1.064750976064062327e+00 9.491117144946850104e-01
1.072551395897866966e+00 9.424949805090829802e-01
1.076574304882185640e+00 9.388930166752459394e-01
1.080680952118588056e+00 9.353762088197365987e-01
1.084872813265752578e+00 9.317443530940341390e-01
1.093518165718107671e+00 9.243261031532666872e-01
1.097974694019968611e+00 9.204392492519859470e-01
1.102522510142535772e+00 9.165503782488744200e-01
1.111898267151958164e+00 9.085376378843430523e-01
1.116729381009327060e+00 9.041589726680254735e-01
1.121658128519877229e+00 8.999479983707376896e-01
1.131815055448535334e+00 8.911254686871757924e-01
1.137046542086627143e+00 8.867205171819528831e-01
1.147823954346762543e+00 8.777828237144038592e-01
1.153373286592436653e+00 8.731092371863367063e-01
1.164801843032095885e+00 8.636382799773542063e-01
1.170684572110009647e+00 8.588110359096507995e-01
1.176681965424600129e+00 8.538192644687024879e-01
1.189027932723932812e+00 8.437763761378090921e-01
1.195380140890508924e+00 8.386173896850889209e-01
1.208452211756983807e+00 8.283384978997225812e-01
1.222026948501811372e+00 8.177208795576850209e-01
1.229007548494974955e+00 8.123411184350305403e-01
1.243364813856181472e+00 8.016749398886542366e-01
1.250745367368146121e+00 7.960247527785476729e-01
1.265920154445224544e+00 7.848124538664295047e-01
1.281659816289857590e+00 7.732814115125441479e-01
1.289746522283046870e+00 7.674704476807983067e-01
1.306363916467393027e+00 7.557977546754984788e-01
1.323587114356173933e+00 7.442819433116085737e-01
1.332431134642858339e+00 7.384204814585945131e-01
1.350594647937717996e+00 7.266971071890866440e-01
1.369406486819461755e+00 7.146693872953071569e-01
1.388884114505737566e+00 7.025049319203793274e-01
1.409045259311165088e+00 6.904860321974981563e-01
1.429907919249534087e+00 6.782960452758302061e-01
1.451490367392487491e+00 6.659044713902032564e-01
1.462557299079546791e+00 6.597290908423414368e-01
1.485254308509409871e+00 6.472378488639652927e-01
1.508718034369108896e+00 6.346785721754849563e-01
1.545393495822954932e+00 6.155596359535709938e-01
1.570859081333216389e+00 6.026454586953415848e-01
1.597160268168312802e+00 5.899386833091398996e-01
1.624317470595537882e+00 5.773086690312442260e-01
1.652351449004141770e+00 5.647752255057048032e-01
1.681283322255645141e+00 5.519950227065079096e-01
1.726411800206100633e+00 5.329906855179006309e-01
1.757683277947251987e+00 5.205397097532232786e-01
1.789929584591156475e+00 5.081092688642633304e-01
1.840177070259820580e+00 4.895978929122138945e-01
1.874961617489124377e+00 4.772841353367601736e-01
1.929127857643519794e+00 4.589161946828685390e-01
1.966600894099584051e+00 4.468070096804395153e-01
2.024916942103585527e+00 4.287509455545273074e-01
2.065236455919408964e+00 4.167945567851952804e-01
2.127945516658123370e+00 3.989432271880815062e-01
2.193412602060207828e+00 3.813010784510200701e-01
2.261733102657602856e+00 3.639379558189235753e-01
2.333005645820070306e+00 3.468894346050087618e-01
2.407332261176878152e+00 3.299958444021305337e-01
2.484818550538499426e+00 3.132537035406137704e-01
