1.000000000000000222e+00 1.000000000000000000e+00
1.002464574554053023e+00 9.980943422918048258e-01
1.004983695744514405e+00 9.958580385649697941e-01
1.007558445779850986e+00 9.934117458471040107e-01
1.010189923472302631e+00 9.911521267062181062e-01
1.012879244320961325e+00 9.884643206739543997e-01
1.015627540589766342e+00 9.858776771887425294e-01
1.018435961380321775e+00 9.827704174915222746e-01
1.024237857521432593e+00 9.770119132995064293e-01
1.027233715844797501e+00 9.739033835098603875e-01
1.030294464743731098e+00 9.709516048882322892e-01
1.033421338413939017e+00 9.682593802490427892e-01
1.036615588213014805e+00 9.654551893900426007e-01
1.039878482695267392e+00 9.623295571523868830e-01
1.043211307641012775e+00 9.590314293035336890e-01
1.050091978311387342e+00 9.524984129100279029e-01
1.053642481913146467e+00 9.491321740780506167e-01
1.057268231752887866e+00 9.456264917905043976e-01
1.060970599988243501e+00 9.421023211785342077e-01
1.064750976064062327e+00 9.384905306833696281e-01
1.072551395897866966e+00 9.308764336396574413e-01
1.076574304882185640e+00 9.271378322705220443e-01
1.080680952118588056e+00 9.229902684384125866e-01
1.084872813265752578e+00 9.187649414199411391e-01
1.093518165718107671e+00 9.099535031964329779e-01
1.097974694019968611e+00 9.053052540718510288e-01
1.102522510142535772e+00 9.006452363588186572e-01
1.111898267151958164e+00 8.906369488703534953e-01
1.116729381009327060e+00 8.856551066550956142e-01
1.121658128519877229e+00 8.805301819031075006e-01
1.131815055448535334e+00 8.702190855834195382e-01
1.137046542086627143e+00 8.650136191404400599e-01
1.147823954346762543e+00 8.540390147186198710e-01
1.153373286592436653e+00 8.486952004967910357e-01
1.164801843032095885e+00 8.373993599670330745e-01
1.170684572110009647e+00 8.317436095096327753e-01
1.176681965424600129e+00 8.258576013898678569e-01
1.189027932723932812e+00 8.142463341526697818e-01
1.195380140890508924e+00 8.083432386154676408e-01
1.208452211756983807e+00 7.965123271465822663e-01
1.222026948501811372e+00 7.841528761242537726e-01
1.229007548494974955e+00 7.780300532143057390e-01
1.243364813856181472e+00 7.657278441692711990e-01
1.250745367368146121e+00 7.593765340948510634e-01
1.265920154445224544e+00 7.467077491023186298e-01
1.281659816289857590e+00 7.341214619323882529e-01
1.289746522283046870e+00 7.278666938735746106e-01
1.306363916467393027e+00 7.149866200748865586e-01
1.323587114356173933e+00 7.019899363001238513e-01
1.332431134642858339e+00 6.952995245924091794e-01
1.350594647937717996e+00 6.821525204714007362e-01
1.369406486819461755e+00 6.688983239051451424e-01
1.388884114505737566e+00 6.557515406726738272e-01
1.409045259311165088e+00 6.425389558687607527e-01
1.429907919249534087e+00 6.294929536681322935e-01
1.451490367392487491e+00 6.162063131916220016e-01
1.462557299079546791e+00 6.094937200642897013e-01
1.485254308509409871e+00 5.962274418281686694e-01
1.508718034369108896e+00 5.830730398814495397e-01
1.545393495822954932e+00 5.632347631044178904e-01
1.570859081333216389e+00 5.498572295018478995e-01
1.597160268168312802e+00 5.366199760920743467e-01
1.624317470595537882e+00 5.233586033615277300e-01
1.652351449004141770e+00 5.101874762265165009e-01
1.681283322255645141e+00 4.972110952481898494e-01
1.726411800206100633e+00 4.781391112269223753e-01
1.757683277947251987e+00 4.655285034831612712e-01
1.789929584591156475e+00 4.530239283654063920e-01
1.840177070259820580e+00 4.345068334915168085e-01
1.874961617489124377e+00 4.224908348788521950e-01
1.929127857643519794e+00 4.048516161289175685e-01
1.966600894099584051e+00 3.930346259992052449e-01
2.024916942103585527e+00 3.754904274920037865e-01
2.065236455919408964e+00 3.640874931901028622e-01
2.127945516658123370e+00 3.471491511948524566e-01
2.193412602060207828e+00 3.303998105459508561e-01
2.261733102657602856e+00 3.137033139271150906e-01
2.333005645820070306e+00 2.969153594499421844e-01
2.407332261176878152e+00 2.800257291683470595e-01
2.484818550538499426e+00 2.631433526914731535e-01
