9.999999999999995559e-01 1.000000000000000000e+00
9.919100824251090298e-01 9.976795492148348155e-01
9.838856116165880517e-01 9.946964812381965393e-01
9.759260581154888259e-01 9.923003911899785923e-01
9.680308967461468406e-01 9.892877896643984537e-01
9.601996065815229242e-01 9.866277494793214142e-01
9.524316709088371802e-01 9.845551873252039732e-01
9.447265771954692637e-01 9.817460272019551404e-01
9.295028862144094628e-01 9.762970440416482987e-01
9.219832844793127702e-01 9.736932178128350213e-01
9.145245157024483040e-01 9.701990418195283183e-01
9.071260877501986508e-01 9.669170639089603725e-01
8.997875124702675587e-01 9.637623192958797436e-01
8.925083056594672604e-01 9.608690136511613966e-01
8.852879870317771349e-01 9.576314607499706311e-01
8.710221125775781115e-01 9.512112578824496456e-01
8.639756154809185018e-01 9.475732558037857078e-01
8.569861239649624318e-01 9.439149862826695658e-01
8.500531768592614057e-01 9.394920877776941071e-01
8.431763167241966839e-01 9.354734277556104871e-01
8.295890460808078570e-01 9.267936696266446672e-01
8.228777390769820288e-01 9.221787150070062111e-01
8.162207259936373749e-01 9.175343062201799516e-01
8.096175675974315311e-01 9.123887614855534789e-01
7.965710756711330554e-01 9.030494336380114895e-01
7.901268813264120672e-01 8.979050846497459437e-01
7.837348199827763873e-01 8.929037263622980891e-01
7.711054127039702610e-01 8.824216652875604971e-01
7.648672334736430489e-01 8.774710619708221415e-01
7.586795205991071489e-01 8.720648757580170551e-01
7.464538641456321955e-01 8.613925357791615278e-01
7.404151139112354896e-01 8.558292205267726827e-01
7.284837772007215495e-01 8.447022854460441987e-01
7.225904034885232141e-01 8.393329056376150898e-01
7.109463010845824549e-01 8.289442897556655865e-01
7.051948041086352204e-01 8.239545543238071534e-01
6.994898362691552851e-01 8.189248720148792904e-01
6.882179853772648626e-01 8.092563319527045218e-01
6.826503586020057357e-01 8.040268313405252165e-01
6.716498655934174389e-01 7.938490904855124430e-01
6.608266388015785475e-01 7.842206665571392898e-01
6.554806057623819848e-01 7.796870602891624591e-01
6.449179367033327503e-01 7.707309806215419945e-01
6.397006037528343292e-01 7.663400692045813090e-01
6.293922197748579306e-01 7.577777041863060781e-01
6.192499490999080480e-01 7.494512017994441333e-01
6.142402680534347903e-01 7.454459613740728186e-01
6.043421618132905904e-01 7.383173732984570359e-01
5.946035575013602914e-01 7.316066168144550463e-01
5.897932637314378113e-01 7.281357885715453726e-01
5.802891060137491674e-01 7.206045252112019961e-01
5.709381019847806771e-01 7.113579029461030157e-01
5.617377836665097268e-01 7.004897663357700921e-01
5.526857228508703646e-01 6.871847789212204294e-01
5.437795304588846079e-01 6.711121039310330438e-01
5.350168559101206034e-01 6.528424581550190675e-01
5.306886136446309354e-01 6.428627151265738915e-01
5.221368912137067664e-01 6.215054834214474022e-01
5.137229745593816510e-01 5.984367124410865380e-01
5.013556375251011499e-01 5.572382930486464714e-01
4.932765980638084691e-01 5.201508570302543211e-01
4.853277473821598909e-01 4.844265097363995576e-01
4.775069875675972964e-01 4.547358242549432994e-01
4.698122545141398820e-01 4.366333613751389731e-01
4.622415173776125430e-01 4.222058707208278805e-01
4.511135419516557610e-01 4.052058047576173050e-01
4.438441231316301860e-01 3.961177030955896350e-01
4.366918465497920954e-01 3.885777629074235739e-01
4.261789524145127017e-01 3.784149203097120218e-01
4.193113392544695062e-01 3.721256026411866591e-01
4.092168624417411027e-01 3.630057896149141428e-01
4.026225829873135154e-01 3.568274135738251918e-01
3.929298703230851841e-01 3.471198525359359133e-01
3.865980457852551955e-01 3.403522719455566170e-01
3.772911068983555438e-01 3.295784629680994504e-01
3.682082227173418265e-01 3.184069897031128193e-01
3.593439993622454809e-01 3.069709869080335385e-01
3.506931728050510788e-01 2.947897883494334792e-01
3.422506057436476290e-01 2.822506110646511579e-01
3.340112845510362916e-01 2.689679261157346679e-01
