9.999999999999995559e-01 1.000000000000000000e+00
9.919100824251090298e-01 9.978820979819210679e-01
9.838856116165880517e-01 9.957273325461601932e-01
9.759260581154888259e-01 9.939564501862718782e-01
9.680308967461468406e-01 9.919352794403029083e-01
9.601996065815229242e-01 9.891565272516710250e-01
9.524316709088371802e-01 9.874718998905871459e-01
9.447265771954692637e-01 9.854273185418596093e-01
9.295028862144094628e-01 9.809015354638767059e-01
9.219832844793127702e-01 9.790518423303136153e-01
9.145245157024483040e-01 9.763516291348431908e-01
9.071260877501986508e-01 9.744766751779316838e-01
8.997875124702675587e-01 9.721628064878741204e-01
8.925083056594672604e-01 9.697978837925010920e-01
8.852879870317771349e-01 9.672631699378452241e-01
8.710221125775781115e-01 9.622515415969630226e-01
8.639756154809185018e-01 9.595078789137357900e-01
8.569861239649624318e-01 9.573892179738636710e-01
8.500531768592614057e-01 9.545575952767791916e-01
8.431763167241966839e-01 9.514302342836451487e-01
8.295890460808078570e-01 9.447282434171478949e-01
8.228777390769820288e-01 9.413459122133429613e-01
8.162207259936373749e-01 9.376262332699114577e-01
8.096175675974315311e-01 9.342422379192444337e-01
7.965710756711330554e-01 9.265809924517139917e-01
7.901268813264120672e-01 9.231304453727310344e-01
7.837348199827763873e-01 9.194225014024984821e-01
7.711054127039702610e-01 9.115473738837025497e-01
7.648672334736430489e-01 9.072948060153297467e-01
7.586795205991071489e-01 9.023344868666767216e-01
7.464538641456321955e-01 8.935478977951570867e-01
7.404151139112354896e-01 8.885868393974819535e-01
7.284837772007215495e-01 8.792684558722667632e-01
7.225904034885232141e-01 8.747943598152314593e-01
7.109463010845824549e-01 8.653826963195293542e-01
7.051948041086352204e-01 8.613188036931070934e-01
6.994898362691552851e-01 8.566506496820008865e-01
6.882179853772648626e-01 8.477443536519053691e-01
6.826503586020057357e-01 8.432937508542841520e-01
6.716498655934174389e-01 8.342161086315719176e-01
6.608266388015785475e-01 8.257835424518894518e-01
6.554806057623819848e-01 8.219564053373387136e-01
6.449179367033327503e-01 8.143070815174417998e-01
6.397006037528343292e-01 8.106964588022458340e-01
6.293922197748579306e-01 8.037197962867065337e-01
6.192499490999080480e-01 7.970418329616346664e-01
6.142402680534347903e-01 7.939673494665051567e-01
6.043421618132905904e-01 7.874342251569040885e-01
5.946035575013602914e-01 7.810743321219962843e-01
5.897932637314378113e-01 7.774632389093820706e-01
5.802891060137491674e-01 7.695105302289989568e-01
5.709381019847806771e-01 7.594548464406494226e-01
5.617377836665097268e-01 7.459682265787263011e-01
5.526857228508703646e-01 7.297759539762298520e-01
5.437795304588846079e-01 7.105516622789952441e-01
5.350168559101206034e-01 6.880713608987876206e-01
5.306886136446309354e-01 6.760908373411129713e-01
5.221368912137067664e-01 6.505291341888317369e-01
5.137229745593816510e-01 6.214069611492445411e-01
5.013556375251011499e-01 5.702167007662160003e-01
4.932765980638084691e-01 5.256395323838446432e-01
4.853277473821598909e-01 4.855656932315330354e-01
4.775069875675972964e-01 4.527712248615318180e-01
4.698122545141398820e-01 4.344144121811682191e-01
4.622415173776125430e-01 4.201011170101379699e-01
4.511135419516557610e-01 4.038376147343702427e-01
4.438441231316301860e-01 3.953049829218229783e-01
4.366918465497920954e-01 3.882493858836918443e-01
4.261789524145127017e-01 3.792349498910226324e-01
4.193113392544695062e-01 3.735175143725330549e-01
4.092168624417411027e-01 3.648474196206353826e-01
4.026225829873135154e-01 3.583724017668005191e-01
3.929298703230851841e-01 3.484682379308138289e-01
3.865980457852551955e-01 3.415772639009709843e-01
3.772911068983555438e-01 3.306195528522728466e-01
3.682082227173418265e-01 3.188062096701342329e-01
3.593439993622454809e-01 3.059600071081278738e-01
3.506931728050510788e-01 2.932476876643692609e-01
3.422506057436476290e-01 2.803648154988802044e-01
3.340112845510362916e-01 2.665806601319425928e-01
