1.000000000000000222e+00 1.000000000000000000e+00
1.004922276504639056e+00 9.973511687003470128e-01
1.009941110101198136e+00 9.943259251339932048e-01
1.015058027639241578e+00 9.912473173031548512e-01
1.020274569979348733e+00 9.875889236028482232e-01
1.025592291941324952e+00 9.841680195788994334e-01
1.031012762254263970e+00 9.804035830700897902e-01
1.036537563508848070e+00 9.765807750993397152e-01
1.047906558246080699e+00 9.685016485327723190e-01
1.053753985827616368e+00 9.641447185555105381e-01
1.059712212474928084e+00 9.598238480098661984e-01
1.065782889476049933e+00 9.552146873613674982e-01
1.071967681762723723e+00 9.506702145881176236e-01
1.078268267889032739e+00 9.459742667124910742e-01
1.084686340015304618e+00 9.411524738300386383e-01
1.097881778883521342e+00 9.311065861037569613e-01
1.104662597913541822e+00 9.259960568270332315e-01
1.111567807530116969e+00 9.206837919810061388e-01
1.118599167892987190e+00 9.153612132085892084e-01
1.125758452802149812e+00 9.100302801987268930e-01
1.140467959851936719e+00 8.991128828658461192e-01
1.148021798108896041e+00 8.932701071623988520e-01
1.155710793246786716e+00 8.872802665810122225e-01
1.163536787888382884e+00 8.812738756696399944e-01
1.179607215997378278e+00 8.691848357777016698e-01
1.187855404790010505e+00 8.628655839349024248e-01
1.213474700832955389e+00 8.441290964578253009e-01
1.222312468657839934e+00 8.378195492698896629e-01
1.231302487225391484e+00 8.312616387615505698e-01
1.249747179361110794e+00 8.179617261224910729e-01
1.259205842094447636e+00 8.111567666524016618e-01
1.278605889030656417e+00 7.978085766874292162e-01
1.288551355394473852e+00 7.911170076013391839e-01
1.308943499101370200e+00 7.776574172875901914e-01
1.319394355383785244e+00 7.709653358955289582e-01
1.330017881619551590e+00 7.642341116393058797e-01
1.351791486855177915e+00 7.505815893705886088e-01
1.362945880712931990e+00 7.436248749009322090e-01
1.385800771275796928e+00 7.299328912696393390e-01
1.409398572325647692e+00 7.160986665865988199e-01
1.421481674615693969e+00 7.091308765679551485e-01
1.446227672150803834e+00 6.952609624419165968e-01
1.458895182698550119e+00 6.881631057450408040e-01
1.484830918815601919e+00 6.743494035561400368e-01
1.511583442319957893e+00 6.606385934086640432e-01
1.525272018345223080e+00 6.537306236397653070e-01
1.553286032231991243e+00 6.399128536476651474e-01
1.582165775540566255e+00 6.260379025757930593e-01
1.596936602507307290e+00 6.191564326764297244e-01
1.627152994970830768e+00 6.055702963534430605e-01
1.658286438192355661e+00 5.917840828236474726e-01
1.690358178049907956e+00 5.781757154878400806e-01
1.723389893507922377e+00 5.648779388667299894e-01
1.757403712683629271e+00 5.514344986193553400e-01
1.792422229337440553e+00 5.383037238104344535e-01
1.810315441243358636e+00 5.317541727922688866e-01
1.846884427690158814e+00 5.188415210546221124e-01
1.884516745056272979e+00 5.059905157846696921e-01
1.943012400581136001e+00 4.869612556235305978e-01
1.983410812945301638e+00 4.744764864989371445e-01
2.024960236827404003e+00 4.620923181530337542e-01
2.067687019697655781e+00 4.500134480200857490e-01
2.111618120170947854e+00 4.380809169829639749e-01
2.156781127750582172e+00 4.264503017753036307e-01
2.226897423976244017e+00 4.092392239907099993e-01
2.275265225639101274e+00 3.981619428848195974e-01
2.324966758729456018e+00 3.870669391993407649e-01
2.402087124281256258e+00 3.707541650473336059e-01
2.455258855078292779e+00 3.602547658331825553e-01
2.537735153200105120e+00 3.449754142801209622e-01
2.594580809092042806e+00 3.349791966706741619e-01
2.682728063560201992e+00 3.205903243306001960e-01
2.743464158110481499e+00 3.114112848656655497e-01
2.837617252194816420e+00 2.978006970621212557e-01
2.935543379350532778e+00 2.846707621927016540e-01
3.037375568414715676e+00 2.717361364103378363e-01
3.143251887819816126e+00 2.589321985415630190e-01
3.253315646607942924e+00 2.463245461225261335e-01
3.367715601347220478e+00 2.333929715583920872e-01
3.486606169273158695e+00 2.205567389307514226e-01
