2.775370963794215088e+11 1.000000000000000000e+00
2.782211072449630127e+11 9.984124079527409990e-01
2.789202568255919189e+11 9.969005079014329196e-01
2.796348454743024902e+11 9.952959585622792593e-01
2.803651781522526245e+11 9.934398379444336902e-01
2.811115644518214111e+11 9.913097935306594000e-01
2.818743186182557983e+11 9.892435539375548093e-01
2.826537595698790283e+11 9.869390163951090589e-01
2.842640009783775635e+11 9.823862563545049387e-01
2.850954627986077881e+11 9.801397943698643145e-01
2.859449341607647095e+11 9.775637235257987889e-01
2.868127575999390869e+11 9.751709611671590672e-01
2.876992804142852173e+11 9.725426522813527264e-01
2.886048546746824341e+11 9.697523591939636312e-01
2.895298372328651733e+11 9.669473656482261426e-01
2.914394785918642578e+11 9.614613112832940400e-01
2.924248750521809082e+11 9.584180045646512047e-01
2.934311551349006958e+11 9.556350470293899502e-01
2.944586996646691284e+11 9.524740494077219566e-01
2.955078942639743652e+11 9.491117144946850104e-01
2.976728001351882935e+11 9.424949805090829802e-01
2.987893066136947632e+11 9.388930166752459394e-01
2.999290535635404053e+11 9.353762088197365987e-01
3.010924505347509155e+11 9.317443530940341390e-01
3.034918565515538330e+11 9.243261031532666872e-01
3.047287084763845825e+11 9.204392492519859470e-01
3.059908961579094238e+11 9.165503782488744200e-01
3.085930165346641235e+11 9.085376378843430523e-01
3.099338298469166870e+11 9.041589726680254735e-01
3.113017401197813721e+11 8.999479983707376896e-01
3.141206641276991577e+11 8.911254686871757924e-01
3.155725957389839478e+11 8.867205171819528831e-01
3.185637274441451416e+11 8.777828237144038592e-01
3.201038730024545288e+11 8.731092371863367063e-01
3.232757213725256958e+11 8.636382799773542063e-01
3.249083969195970459e+11 8.588110359096507995e-01
3.265728960459741821e+11 8.538192644687024879e-01
3.299993599622252808e+11 8.437763761378090921e-01
3.317623333723748779e+11 8.386173896850889209e-01
3.353903179643219604e+11 8.283384978997225812e-01
3.391578109845972900e+11 8.177208795576850209e-01
3.410951864376854858e+11 8.123411184350305403e-01
3.450798601779844971e+11 8.016749398886542366e-01
3.471282375693666382e+11 7.960247527785476729e-01
3.513398039129163818e+11 7.848124538664295047e-01
3.557081439592697754e+11 7.732814115125441479e-01
3.579525048598932495e+11 7.674704476807983067e-01
3.625644481912086182e+11 7.557977546754984788e-01
3.673445245236296997e+11 7.442819433116085737e-01
3.697990682343158569e+11 7.384204814585945131e-01
3.748401169742202759e+11 7.266971071890866440e-01
3.800611001150178833e+11 7.146693872953071569e-01
3.854668643474248657e+11 7.025049319203793274e-01
3.910623299364085083e+11 6.904860321974981563e-01
3.968524919984555054e+11 6.782960452758302061e-01
4.028424219888092651e+11 6.659044713902032564e-01
4.059139060750655518e+11 6.597290908423414368e-01
4.122131681687257690e+11 6.472378488639652927e-01
4.187252225140703735e+11 6.346785721754849563e-01
4.289040235943453979e+11 6.155596359535709938e-01
4.359716682544656372e+11 6.026454586953415848e-01
4.432712232800106201e+11 5.899386833091398996e-01
4.508083543874517822e+11 5.773086690312442260e-01
4.585888233549373169e+11 5.647752255057048032e-01
4.666184914499780884e+11 5.519950227065079096e-01
4.791433181843704834e+11 5.329906855179006309e-01
4.878223133161425781e+11 5.205397097532232786e-01
4.967718596310531616e+11 5.081092688642633304e-01
5.107174009039012451e+11 4.895978929122138945e-01
5.203714031407947998e+11 4.772841353367601736e-01
5.354045441550341797e+11 4.589161946828685390e-01
5.458047018855711060e+11 4.468070096804395153e-01
5.619895685209240723e+11 4.287509455545273074e-01
5.731797293127977295e+11 4.167945567851952804e-01
5.905838199469023438e+11 3.989432271880815062e-01
6.087533647378214111e+11 3.813010784510200701e-01
6.277148380968095703e+11 3.639379558189235753e-01
6.474956127776989746e+11 3.468894346050087618e-01
6.681240057875362549e+11 3.299958444021305337e-01
6.896293255461773682e+11 3.132537035406137704e-01
