1.000000000000000222e+00 1.000000000000000000e+00
1.004922276504639056e+00 9.976829037934039635e-01
1.009941110101198136e+00 9.952005322549941635e-01
1.015058027639241578e+00 9.923863699367760915e-01
1.020274569979348733e+00 9.895231275926681391e-01
1.025592291941324952e+00 9.865915239702602868e-01
1.031012762254263970e+00 9.834373184624995989e-01
1.036537563508848070e+00 9.800695795823028966e-01
1.047906558246080699e+00 9.736521494847398817e-01
1.053753985827616368e+00 9.701590249886573591e-01
1.059712212474928084e+00 9.668681964061395240e-01
1.065782889476049933e+00 9.630814029237846352e-01
1.071967681762723723e+00 9.593951246276705147e-01
1.078268267889032739e+00 9.557014410869794085e-01
1.084686340015304618e+00 9.518552709783383303e-01
1.097881778883521342e+00 9.437421876068227133e-01
1.104662597913541822e+00 9.396111828319989590e-01
1.111567807530116969e+00 9.354981316756438847e-01
1.118599167892987190e+00 9.312508915047885694e-01
1.125758452802149812e+00 9.268855714250104905e-01
1.140467959851936719e+00 9.179034962364339689e-01
1.148021798108896041e+00 9.132218088143815304e-01
1.155710793246786716e+00 9.085605276385675388e-01
1.163536787888382884e+00 9.037906752348506823e-01
1.179607215997378278e+00 8.937108398131130560e-01
1.187855404790010505e+00 8.884078773622792191e-01
1.196248103929761442e+00 8.831669340359150633e-01
1.213474700832955389e+00 8.726072411281360353e-01
1.222312468657839934e+00 8.673182786830168078e-01
1.231302487225391484e+00 8.619163245671014328e-01
1.249747179361110794e+00 8.507553396746598828e-01
1.259205842094447636e+00 8.450842166169704184e-01
1.278605889030656417e+00 8.336142729125742834e-01
1.288551355394473852e+00 8.277487706425059599e-01
1.308943499101370200e+00 8.160586057658767434e-01
1.319394355383785244e+00 8.101030446124979356e-01
1.330017881619551590e+00 8.040962842928954801e-01
1.351791486855177915e+00 7.923583665580468116e-01
1.362945880712931990e+00 7.863589595319527836e-01
1.385800771275796928e+00 7.744360425578955542e-01
1.409398572325647692e+00 7.622322805136637625e-01
1.421481674615693969e+00 7.561420438276958977e-01
1.446227672150803834e+00 7.438797669453659500e-01
1.458895182698550119e+00 7.378305519179275684e-01
1.484830918815601919e+00 7.252238293346215947e-01
1.511583442319957893e+00 7.126895046576022796e-01
1.525272018345223080e+00 7.062855910331641285e-01
1.553286032231991243e+00 6.935811343785408534e-01
1.582165775540566255e+00 6.809451760674819498e-01
1.596936602507307290e+00 6.746031870018823762e-01
1.627152994970830768e+00 6.620864381845729119e-01
1.658286438192355661e+00 6.495077984173497354e-01
1.690358178049907956e+00 6.369207642477062725e-01
1.723389893507922377e+00 6.242803021297680388e-01
1.757403712683629271e+00 6.116898515076103493e-01
1.792422229337440553e+00 5.992492322678560912e-01
1.810315441243358636e+00 5.929883623337564025e-01
1.846884427690158814e+00 5.805628044090057616e-01
1.884516745056272979e+00 5.683738780010068048e-01
1.943012400581136001e+00 5.500444820437651039e-01
1.983410812945301638e+00 5.379750323272807222e-01
2.024960236827404003e+00 5.259197737314125209e-01
2.067687019697655781e+00 5.141190478713033585e-01
2.111618120170947854e+00 5.023483809058409966e-01
2.156781127750582172e+00 4.907950170907452447e-01
2.226897423976244017e+00 4.736793405199360985e-01
2.275265225639101274e+00 4.623428758859031151e-01
2.324966758729456018e+00 4.513710941534149756e-01
2.402087124281256258e+00 4.350005066694872524e-01
2.455258855078292779e+00 4.243223288688872108e-01
2.537735153200105120e+00 4.086172422696747741e-01
2.594580809092042806e+00 3.983677850342257631e-01
2.682728063560201992e+00 3.832963074510622459e-01
2.743464158110481499e+00 3.733913324932963684e-01
2.837617252194816420e+00 3.587095512695894772e-01
2.935543379350532778e+00 3.443291980128240226e-01
3.037375568414715676e+00 3.302498699294770246e-01
3.143251887819816126e+00 3.162478138128992367e-01
3.253315646607942924e+00 3.022934262268985317e-01
3.367715601347220478e+00 2.883460077915717124e-01
