9.999999999999995559e-01 1.000000000000000000e+00
9.919100824251090298e-01 9.980097896766140231e-01
9.838856116165880517e-01 9.953858502351824455e-01
9.759260581154888259e-01 9.935087154839117307e-01
9.680308967461468406e-01 9.915729013955567606e-01
9.601996065815229242e-01 9.888796591102443356e-01
9.524316709088371802e-01 9.871305076701751835e-01
9.447265771954692637e-01 9.848131014744615497e-01
9.295028862144094628e-01 9.798873856096070867e-01
9.219832844793127702e-01 9.776450876575696336e-01
9.145245157024483040e-01 9.757275074178332064e-01
9.071260877501986508e-01 9.735616196456113869e-01
8.997875124702675587e-01 9.722039416804909573e-01
8.925083056594672604e-01 9.700964354822030344e-01
8.852879870317771349e-01 9.678494848027167086e-01
8.710221125775781115e-01 9.630134858537944265e-01
8.639756154809185018e-01 9.601091104956609446e-01
8.569861239649624318e-01 9.575058594269657553e-01
8.500531768592614057e-01 9.548097387231859745e-01
8.431763167241966839e-01 9.519687916798563743e-01
8.295890460808078570e-01 9.455855658913420170e-01
8.228777390769820288e-01 9.419287990984186454e-01
8.162207259936373749e-01 9.382685128008901865e-01
8.096175675974315311e-01 9.344621164203368302e-01
7.965710756711330554e-01 9.264571616668700882e-01
7.901268813264120672e-01 9.216129313130709821e-01
7.837348199827763873e-01 9.169884257962765961e-01
7.711054127039702610e-01 9.071473864864526560e-01
7.648672334736430489e-01 9.025269720519474292e-01
7.586795205991071489e-01 8.970742192758133227e-01
7.464538641456321955e-01 8.870714495909595154e-01
7.404151139112354896e-01 8.818963425314436666e-01
7.284837772007215495e-01 8.710010636679539342e-01
7.225904034885232141e-01 8.659227976592155374e-01
7.109463010845824549e-01 8.563896689401647722e-01
7.051948041086352204e-01 8.512825407284654311e-01
6.994898362691552851e-01 8.462880646757056091e-01
6.882179853772648626e-01 8.365506466884423675e-01
6.826503586020057357e-01 8.317989187841148269e-01
6.716498655934174389e-01 8.221756568466253023e-01
6.608266388015785475e-01 8.123566428299041631e-01
6.554806057623819848e-01 8.077239462719986163e-01
6.449179367033327503e-01 7.990399005389327014e-01
6.397006037528343292e-01 7.952304035220374434e-01
6.293922197748579306e-01 7.873231462677584558e-01
6.192499490999080480e-01 7.796959336481075198e-01
6.142402680534347903e-01 7.763727067560629580e-01
6.043421618132905904e-01 7.692038902297001490e-01
5.946035575013602914e-01 7.615474131136041880e-01
5.897932637314378113e-01 7.568350984132526937e-01
5.802891060137491674e-01 7.468562233503686087e-01
5.709381019847806771e-01 7.359953219383695844e-01
5.617377836665097268e-01 7.227099145777911016e-01
5.526857228508703646e-01 7.065351882519836924e-01
5.437795304588846079e-01 6.868953899664236307e-01
5.350168559101206034e-01 6.651972743660101717e-01
5.306886136446309354e-01 6.534105962421519198e-01
5.221368912137067664e-01 6.287135521291153939e-01
5.137229745593816510e-01 6.021599872638848661e-01
5.013556375251011499e-01 5.569995322709974106e-01
4.932765980638084691e-01 5.193241878622092411e-01
4.853277473821598909e-01 4.852523975555319002e-01
4.775069875675972964e-01 4.548606249131479928e-01
4.698122545141398820e-01 4.354245135580060433e-01
4.622415173776125430e-01 4.194190633105305266e-01
4.511135419516557610e-01 4.008460130461440341e-01
4.438441231316301860e-01 3.905791906539736735e-01
4.366918465497920954e-01 3.813513046720286570e-01
4.261789524145127017e-01 3.691118876342910360e-01
4.193113392544695062e-01 3.614388493430601978e-01
4.092168624417411027e-01 3.507779580609640679e-01
4.026225829873135154e-01 3.430537176431669999e-01
3.929298703230851841e-01 3.315935499438225631e-01
3.865980457852551955e-01 3.231201686974504717e-01
3.772911068983555438e-01 3.100044147288951724e-01
3.682082227173418265e-01 2.963962703146688082e-01
3.593439993622454809e-01 2.820849502858051028e-01
3.506931728050510788e-01 2.673972716131285954e-01
3.422506057436476290e-01 2.519872731687387013e-01
3.340112845510362916e-01 2.363798154166976140e-01
