9.999999999999995559e-01 1.000000000000000000e+00
9.919100824251090298e-01 9.968940937589356732e-01
9.838856116165880517e-01 9.944241124971693324e-01
9.759260581154888259e-01 9.919131395232484438e-01
9.680308967461468406e-01 9.880845430344428193e-01
9.601996065815229242e-01 9.851652343330079553e-01
9.524316709088371802e-01 9.824253694462656838e-01
9.447265771954692637e-01 9.795283641435090782e-01
9.295028862144094628e-01 9.737454558466320798e-01
9.219832844793127702e-01 9.706662093875573216e-01
9.145245157024483040e-01 9.676660376626831095e-01
9.071260877501986508e-01 9.642353127447184091e-01
8.997875124702675587e-01 9.606002625819847207e-01
8.925083056594672604e-01 9.569187538541499283e-01
8.852879870317771349e-01 9.532256942403286581e-01
8.710221125775781115e-01 9.448560355096580210e-01
8.639756154809185018e-01 9.409623280945971224e-01
8.569861239649624318e-01 9.366419097313871678e-01
8.500531768592614057e-01 9.323973103896866510e-01
8.431763167241966839e-01 9.280148374252779053e-01
8.295890460808078570e-01 9.191160198195184039e-01
8.228777390769820288e-01 9.145331491292539861e-01
8.162207259936373749e-01 9.097948896532234153e-01
8.096175675974315311e-01 9.049748882611278189e-01
7.965710756711330554e-01 8.944102728191088980e-01
7.901268813264120672e-01 8.888887549207551420e-01
7.711054127039702610e-01 8.728917573206907976e-01
7.648672334736430489e-01 8.677664185024266397e-01
7.586795205991071489e-01 8.624201178387840283e-01
7.464538641456321955e-01 8.513103385660908407e-01
7.404151139112354896e-01 8.459229501822878028e-01
7.284837772007215495e-01 8.347594112112981524e-01
7.225904034885232141e-01 8.290601007681355217e-01
7.109463010845824549e-01 8.183283647706632857e-01
7.051948041086352204e-01 8.128492888659230031e-01
6.994898362691552851e-01 8.071923201520598834e-01
6.882179853772648626e-01 7.961521921686262049e-01
6.826503586020057357e-01 7.905455562825887128e-01
6.716498655934174389e-01 7.803445703448030901e-01
6.608266388015785475e-01 7.705930863798383657e-01
6.554806057623819848e-01 7.656201148863333028e-01
6.449179367033327503e-01 7.555482011406348120e-01
6.397006037528343292e-01 7.508445608039345798e-01
6.293922197748579306e-01 7.417485511769595918e-01
6.192499490999080480e-01 7.330593525971403901e-01
6.142402680534347903e-01 7.289310276762480667e-01
6.043421618132905904e-01 7.209569392620406303e-01
5.946035575013602914e-01 7.133425309614288556e-01
5.897932637314378113e-01 7.094907984311837890e-01
5.802891060137491674e-01 7.017439449337482538e-01
5.709381019847806771e-01 6.925756554574032942e-01
5.617377836665097268e-01 6.822238583340731743e-01
5.526857228508703646e-01 6.692664567453313618e-01
5.437795304588846079e-01 6.538101162271935385e-01
5.350168559101206034e-01 6.366750803285816662e-01
5.306886136446309354e-01 6.272272112480387074e-01
5.221368912137067664e-01 6.076084873629965522e-01
5.137229745593816510e-01 5.860123107986540125e-01
5.013556375251011499e-01 5.491152987130696328e-01
4.932765980638084691e-01 5.167826989715375019e-01
4.853277473821598909e-01 4.855354378861751474e-01
4.775069875675972964e-01 4.567363144103486761e-01
4.698122545141398820e-01 4.369936241425643741e-01
4.622415173776125430e-01 4.200021957821682972e-01
4.511135419516557610e-01 3.993661858900955375e-01
4.438441231316301860e-01 3.882808730380727935e-01
4.366918465497920954e-01 3.783248400599423800e-01
4.261789524145127017e-01 3.649155919584993191e-01
4.193113392544695062e-01 3.568948443311453222e-01
4.092168624417411027e-01 3.453197124860058476e-01
4.026225829873135154e-01 3.376280053997852137e-01
3.929298703230851841e-01 3.261083375338038048e-01
3.865980457852551955e-01 3.183780258829150278e-01
3.772911068983555438e-01 3.063342999921506160e-01
3.682082227173418265e-01 2.941446128433803375e-01
3.593439993622454809e-01 2.813432874601857758e-01
3.506931728050510788e-01 2.683160679005698879e-01
3.422506057436476290e-01 2.553977853588048075e-01
3.340112845510362916e-01 2.416779227726356949e-01
3.259703162979838975e-01 2.278077504308222145e-01
